133
51
106
5
193
48
63
197
100
16
50
83
4
113
58
250
213
68
184
247
83
5
231
36
110
155
94
180
208
43
36
64
25
80
74
43
186
158
197
51
72
36
254
111
103
214
58
234
59
99
98
64
72
29
116
62
156
80
120
75
152
240
193
60
174
198
227
133
44
103
137
84
56
152
66
254
84
254
203
92
51
164
159
144
56
34
20
187
184
116
166
134
131
160
111
225
153
74
135
98
124
23
70
109
101
208
236
85
65
201
215
41
29
28
97
237
178
161
183
39
45
123
33
169
141
5
19
209
160
238
214
50
130
67
87
162
165
191
186
137
114
160
158
172
115
53
249
120
60
12
132
28
177
82
215
199
136
64
75
172
86
187
180
120
67
78
247
132
105
88
91
67
111
53
129
147
62
53
21
191
101
143
223
140
102
82
69
87
22
67
26
83
32
24
213
247
180
76
236
246
69
107
150
28
98
241
236
195
25
37
115
87
207
149
129
154
134
117
107
253
185
100
64
99
201
141
61
228
116
119
132
234
131
180
12
253
38
104
248
45
204
28
197
85
66
238
3
105
236
194
184
46
241
20
186
3
89
35
9
133
78
76
112
59
25
110
233
243
141
238
146
85
18
119
98
55
80
48
170
128
164
37
77
207
186
83
226
54
13
122
144
225
167
81
234
34
4
217
53
210
224
147
155
71
46
239
143
83
222
217
185
220
145
57
21
169
77
253
50
226
35
227
249
175
153
200
90
212
1
47
6
251
249
36
134
247
37
230
10
171
217
135
201
210
87
115
39
98
119
2
192
110
65
112
184
128
238
214
163
154
0
12
30
70
175
131
89
164
174
49
99
99
52
46
248
37
246
251
205
25
155
212
198
216
41
131
212
205
92
98
212
56
151
195
206
152
105
197
243
222
132
164
61
142
60
75
43
0
225
19
136
237
37
184
7
183
35
83
150
94
44
69
225
175
211
150
132
178
58
96
88
166
215
235
173
76
217
187
41
89
193
102
85
210
183
90
42
70
175
24
240
55
194
37
217
175
103
79
185
220
223
193
96
180
247
78
199
122
70
118
195
156
8
92
64
11
13
183
134
231
182
224
247
92
71
96
195
140
186
77
51
48
60
69
122
69
145
50
141
163
118
178
226
162
30
190
93
198
169
94
255
219
196
153
161
28
24
1
212
7
112
37
210
248
177
75
159
152
103
18
77
64
210
149
182
227
230
194
145
233
16
238
129
4
155
226
251
115
221
48
188
157
79
205
172
104
23
243
112
231
9
238
115
85
147
14
38
239
220
212
121
133
3
51
18
105
138
88
35
17
105
49
10
249
183
129
139
151
134
44
48
236
38
172
154
241
171
144
82
232
161
144
92
74
131
221
143
28
60
68
46
196
226
32
95
152
198
98
10
242
229
134
3
186
104
108
50
161
113
112
162
17
185
132
191
163
106
75
34
211
32
175
51
148
138
69
249
52
175
163
82
25
144
136
59
37
190
213
103
136
162
200
217
191
240
197
176
114
68
124
139
73
229
140
227
78
131
194
87
19
43
153
66
230
71
109
183
8
114
224
204
206
17
76
191
156
86
174
149
150
236
63
49
254
105
245
85
48
32
198
50
30
75
198
15
138
33
248
185
216
93
238
170
60
180
36
86
152
147
245
142
4
90
160
105
74
155
138
173
120
88
239
230
41
43
6
82
26
115
8
233
128
247
109
253
244
22
2
182
242
237
1
51
245
142
213
2
208
165
185
32
105
162
201
71
155
235
36
149
81
19
191
89
228
87
94
205
118
37
228
111
58
149
69
197
40
35
47
222
21
96
80
116
184
50
81
21
0
153
62
244
225
96
144
37
117
152
77
62
115
241
189
21
248
82
209
173
95
19
182
238
164
65
74
221
176
150
235
196
105
133
163
210
146
143
11
102
125
82
0
123
152
209
24
142
121
17
29
164
176
96
122
216
184
124
237
114
198
196
156
108
65
16
162
190
136
224
172
179
196
166
151
138
64
99
140
189
88
193
135
194
127
117
219
159
61
227
138
193
248
105
58
218
71
58
175
11
236
135
104
128
8
112
232
30
45
227
150
46
0
11
250
172
238
140
252
64
81
236
145
197
125
38
242
73
188
154
116
210
180
146
155
90
89
141
167
254
62
197
32
48
181
246
234
215
110
74
78
241
19
84
214
203
235
158
252
101
121
248
230
248
210
17
101
51
62
33
177
142
40
174
13
111
83
98
189
216
250
208
88
116
59
34
91
89
113
219
130
136
142
84
185
47
125
121
243
48
164
190
99
218
240
134
47
63
37
196
246
241
182
120
