61
142
29
131
23
136
131
3
195
240
93
18
40
227
218
21
162
105
54
119
94
150
234
185
211
94
154
35
68
212
84
245
67
133
36
245
11
22
46
117
184
185
137
220
239
133
186
112
179
41
98
212
213
21
248
46
166
246
27
26
139
219
130
179
127
198
53
74
27
140
24
151
178
209
103
117
207
78
70
197
204
166
138
220
197
112
226
34
200
105
137
209
155
62
234
123
124
65
21
220
88
239
229
31
194
167
38
51
150
84
239
78
225
64
218
59
125
82
84
138
99
100
38
19
78
56
162
123
199
5
41
78
197
206
104
125
111
170
206
160
49
71
109
219
220
183
234
92
217
111
130
245
141
250
184
209
180
156
78
1
35
39
184
200
255
7
235
150
154
217
124
28
217
22
72
191
59
25
115
99
158
230
14
225
95
88
128
33
249
150
95
252
237
25
206
136
75
18
41
63
128
248
20
30
39
219
117
85
10
63
9
23
20
69
194
1
170
98
7
133
251
64
117
161
129
149
248
110
122
8
60
163
75
174
176
87
11
162
149
23
127
136
136
176
82
184
99
226
179
154
159
139
68
30
193
200
193
60
49
38
254
64
194
9
200
220
208
70
82
84
105
216
160
37
201
176
179
28
22
35
75
93
155
33
99
98
28
177
244
227
86
21
171
215
252
41
35
29
202
146
72
108
123
224
47
127
40
247
6
201
34
2
245
159
253
177
246
254
190
193
19
163
177
12
84
204
144
114
252
125
135
245
34
96
91
237
160
128
112
218
78
52
183
158
43
237
80
222
75
27
185
16
45
75
253
241
116
142
176
124
121
93
12
175
50
202
138
24
199
204
85
123
243
247
52
66
64
88
86
2
135
248
99
73
70
154
156
229
49
224
146
118
166
84
219
211
155
245
36
134
144
127
43
175
103
108
155
48
253
252
152
117
199
248
15
162
54
62
203
49
151
163
200
185
208
170
136
1
223
17
209
131
203
13
87
65
39
128
37
101
138
133
198
24
201
53
242
101
116
203
212
61
54
86
84
196
58
209
215
19
146
68
162
67
214
70
236
201
151
177
168
187
39
108
10
209
243
126
172
227
214
74
247
226
42
232
143
103
166
248
209
40
253
251
16
101
133
124
17
94
88
243
128
20
120
29
33
104
183
117
251
251
51
68
58
219
82
48
83
169
149
116
61
84
90
142
29
15
176
197
103
35
71
70
68
80
60
168
215
79
165
118
32
204
161
185
172
166
117
13
244
55
115
163
122
106
37
124
9
105
91
0
17
243
162
51
191
245
11
179
93
117
14
191
43
109
119
99
142
250
93
122
207
186
237
187
127
243
34
98
192
106
36
89
189
60
109
186
85
47
191
63
136
124
149
215
65
119
255
61
120
30
189
165
17
39
2
49
156
32
182
65
232
176
176
165
162
104
4
95
250
135
188
175
48
126
116
118
179
142
101
247
255
189
22
38
199
199
77
52
160
44
126
168
238
190
49
168
50
104
164
4
115
30
64
56
217
67
114
35
169
47
61
220
70
174
148
42
235
171
93
110
241
135
148
187
113
241
38
198
1
146
222
165
25
23
138
192
22
24
65
87
117
174
2
203
225
72
238
20
203
121
190
193
181
115
45
157
16
45
218
240
52
13
115
191
122
238
68
37
175
202
197
156
95
50
177
198
86
142
145
203
59
104
151
50
239
55
74
81
131
106
125
168
254
157
37
255
176
195
163
61
217
162
141
183
79
134
205
237
107
202
22
144
32
194
236
136
69
118
60
246
149
9
91
79
93
56
251
107
139
80
138
35
54
37
122
198
245
112
18
229
170
28
5
193
60
226
122
18
77
29
221
53
175
216
184
0
147
177
224
110
178
14
20
86
141
59
183
145
32
122
183
187
60
123
153
246
103
146
251
154
251
11
64
89
209
58
48
5
206
90
37
96
219
41
12
218
116
250
173
72
73
155
117
78
232
33
235
217
49
206
109
113
94
18
69
46
122
88
71
233
177
157
255
181
208
211
155
170
213
54
44
231
44
211
72
244
255
73
227
245
224
83
63
236
245
119
64
255
63
70
175
204
227
28
98
85
219
42
199
109
100
131
72
50
215
192
191
175
83
104
180
14
131
179
138
73
174
78
18
96
32
16
135
209
61
72
69
30
133
114
106
44
141
36
120
84
148
109
93
57
201
35
96
161
84
22
114
12
254
156
151
5
22
163
45
93
76
40
24
125
145
129
24
230
119
228
252
139
87
108
131
178
206
36
192
86
106
3
112
60
223
166
235
254
21
203
199
87
251
146
125
189
203
104
87
83
141
150
207
