37
68
29
179
110
49
2
159
234
232
92
244
210
43
36
45
22
80
157
255
240
176
117
208
36
146
14
200
89
199
93
208
221
114
34
19
132
196
109
56
45
152
129
35
148
14
62
214
78
63
216
121
206
86
219
60
70
11
120
104
141
252
113
223
219
61
1
157
190
245
19
122
162
211
119
35
74
27
171
27
198
114
52
42
178
38
34
116
106
72
93
22
165
128
208
172
127
209
67
144
175
52
134
134
215
37
207
54
16
12
81
134
170
147
145
120
189
20
201
16
228
215
182
187
245
49
96
6
202
221
12
230
106
184
5
73
73
156
3
43
240
69
34
100
135
67
184
216
80
44
107
50
238
130
195
13
88
109
76
110
177
11
95
154
240
102
25
58
137
147
179
58
184
45
78
94
194
110
27
111
251
133
241
148
65
89
184
122
151
139
143
166
146
175
177
88
230
248
227
156
177
215
14
137
212
146
66
221
17
130
60
197
122
104
163
171
34
135
149
131
172
26
156
122
110
241
192
130
80
56
28
234
7
15
248
106
230
138
235
159
236
153
197
13
100
33
224
21
2
103
2
237
109
107
71
232
159
57
130
73
218
199
80
18
127
207
218
24
33
109
212
167
228
142
157
126
175
171
42
71
243
105
243
254
192
175
103
149
202
46
163
220
24
85
16
44
58
157
212
245
25
122
23
164
195
221
137
115
105
246
20
210
228
73
179
235
3
254
69
224
204
92
107
191
148
144
27
240
181
228
53
109
80
141
100
244
215
191
63
15
168
253
149
138
215
246
225
187
213
92
169
160
227
116
33
174
111
158
144
117
68
16
134
82
152
230
63
217
59
240
126
186
130
66
181
15
48
140
158
93
31
63
244
98
223
249
235
65
119
34
176
69
110
106
200
215
40
33
68
16
183
67
252
193
249
9
87
62
10
113
89
197
154
238
234
48
39
13
168
25
99
153
79
185
26
71
196
183
242
110
27
135
76
92
62
150
113
21
143
62
136
163
187
136
72
20
166
232
93
41
101
231
111
233
156
41
246
153
165
159
144
127
115
112
150
19
32
223
28
130
105
102
161
254
56
89
119
21
56
122
171
102
15
254
221
88
236
66
107
74
200
85
5
214
153
11
128
96
133
86
12
122
37
113
225
17
217
247
157
117
30
127
107
50
191
154
5
236
47
31
6
149
41
210
138
27
246
97
113
35
104
49
52
230
116
71
242
124
39
25
119
124
164
113
141
141
160
235
94
198
57
217
246
84
52
149
202
82
156
198
137
78
221
31
19
83
238
41
209
142
113
79
63
20
150
5
84
252
190
214
72
100
253
192
246
103
225
168
82
191
26
194
172
58
245
120
18
115
78
234
227
47
122
202
137
52
144
81
19
124
65
185
186
183
201
196
191
33
211
213
53
4
170
243
60
111
74
170
113
223
104
244
165
199
142
46
181
250
9
165
28
210
104
145
251
234
203
64
107
108
232
13
154
193
48
195
28
161
191
62
172
189
202
184
211
124
170
205
96
128
89
9
221
11
192
144
78
7
15
242
202
36
163
6
2
213
182
206
210
219
50
224
227
192
182
37
135
45
69
7
66
100
66
252
239
141
240
231
235
140
152
250
162
166
53
177
36
95
239
0
50
254
35
214
81
160
32
172
152
208
60
226
239
88
148
26
226
184
21
7
187
195
11
53
23
56
117
232
53
99
115
50
133
71
117
3
215
129
178
231
216
211
211
76
237
255
73
44
37
215
185
53
129
248
124
9
177
203
229
205
218
26
31
123
233
207
181
166
77
13
12
169
70
164
223
36
24
207
39
35
135
237
130
213
241
57
187
45
221
63
216
103
79
67
20
102
230
147
91
89
224
249
28
63
2
204
36
220
162
29
60
222
31
15
9
140
138
185
173
172
166
44
96
124
97
17
207
174
137
97
125
114
108
210
96
165
250
144
84
153
113
185
144
89
96
212
111
138
111
143
7
237
58
182
38
142
33
113
22
201
114
163
73
101
31
184
67
106
20
68
148
15
32
48
79
143
101
164
29
148
113
76
57
23
40
252
159
150
209
251
229
43
73
49
73
70
134
138
153
145
232
23
217
177
202
106
144
195
60
192
36
249
208
181
172
130
142
119
178
248
63
170
118
111
14
156
245
73
158
176
96
42
60
227
71
25
153
181
150
73
128
45
106
27
14
195
131
222
244
53
105
108
188
174
52
197
132
79
157
48
15
125
145
72
35
84
2
13
145
95
241
226
161
85
237
204
226
226
87
237
156
189
165
13
255
104
150
123
3
238
11
254
223
80
1
147
144
145
219
93
23
