234
193
49
251
73
93
104
158
182
136
200
56
24
0
248
14
158
151
214
249
142
18
241
11
210
159
158
227
250
247
133
253
181
123
214
119
157
62
186
56
206
253
140
240
150
196
156
250
25
157
130
39
207
124
124
160
240
204
26
113
240
153
37
12
72
10
9
153
11
123
199
59
244
104
104
22
43
152
248
152
12
110
106
45
6
2
113
38
105
220
26
151
28
166
81
39
229
159
248
191
53
96
70
145
45
11
243
243
21
66
163
86
68
253
66
143
207
9
16
9
72
201
254
245
172
113
121
18
255
143
202
105
27
223
162
76
162
199
14
92
8
151
21
50
173
187
252
78
0
213
161
208
91
194
3
41
155
127
91
133
124
120
117
68
64
55
235
211
118
77
171
93
67
78
6
116
129
135
109
24
102
156
176
53
185
146
226
194
58
197
48
49
213
220
79
41
217
170
75
3
118
12
0
228
161
242
186
146
185
126
160
127
65
219
136
1
164
89
215
170
148
213
140
43
118
231
235
166
243
29
34
48
249
93
224
248
49
192
9
44
30
241
160
161
36
81
203
75
191
125
19
168
148
62
232
180
114
225
53
190
129
150
168
229
29
145
118
58
235
219
69
7
81
198
74
89
185
224
194
174
150
131
43
35
84
55
233
174
149
151
19
193
20
15
153
122
147
199
182
15
143
90
253
52
205
255
204
138
186
227
121
247
31
9
144
22
133
27
43
248
58
10
151
251
199
142
101
0
117
1
70
73
9
164
158
144
230
132
232
16
120
157
2
182
198
184
232
79
193
163
239
189
123
204
67
32
14
160
23
84
23
226
16
66
227
159
228
243
48
210
151
253
23
209
94
49
102
78
114
75
190
187
111
141
153
149
248
234
158
157
15
107
254
250
203
148
77
176
126
209
152
115
32
219
170
87
12
173
124
21
83
239
210
165
177
246
42
32
250
6
94
224
157
154
126
129
175
191
212
73
103
96
126
108
57
159
191
123
6
227
223
106
188
137
62
213
188
105
59
136
24
33
68
226
7
197
45
151
1
161
122
239
100
159
16
63
199
34
200
21
235
178
29
210
224
137
136
24
225
36
86
81
105
82
35
229
236
58
164
71
254
16
92
199
202
167
73
21
231
248
225
0
100
67
116
223
101
119
166
243
243
147
59
18
81
82
245
199
252
40
71
40
203
194
99
27
166
30
216
248
224
198
213
31
237
83
176
113
99
226
129
35
129
32
148
49
19
160
228
54
95
226
122
225
226
154
236
193
125
242
165
47
46
220
209
197
182
3
58
78
68
88
81
175
146
66
171
24
104
250
48
45
220
42
153
178
108
139
199
182
96
207
37
16
100
234
28
128
100
143
160
157
71
60
38
231
147
241
123
170
162
43
195
238
164
240
173
106
90
133
247
238
184
90
17
92
134
158
165
236
159
35
189
60
133
113
205
145
59
196
26
30
72
121
183
132
18
52
192
31
187
17
102
9
135
100
202
186
81
226
39
132
163
101
126
109
23
250
41
189
196
117
205
6
229
227
94
25
157
127
230
251
112
47
139
21
115
225
41
218
23
165
209
214
191
10
17
55
184
243
87
242
39
51
133
187
170
30
115
125
159
254
182
129
120
39
244
157
9
102
4
11
195
61
239
163
6
127
85
11
175
89
83
97
44
36
4
117
236
100
49
149
154
11
173
144
182
167
244
133
47
119
218
90
246
108
138
0
239
207
38
5
242
60
48
36
109
239
116
137
95
224
255
123
143
96
225
194
27
136
64
160
39
14
160
87
48
62
70
88
93
15
45
211
82
220
108
234
235
146
60
52
103
111
172
29
153
45
227
162
147
212
44
252
65
196
218
78
201
135
219
167
241
172
180
226
26
242
205
179
135
32
229
231
33
110
244
64
50
242
53
74
148
245
43
75
183
52
10
194
242
163
16
102
23
62
162
149
215
26
116
8
85
112
213
220
16
137
194
118
24
27
234
117
247
13
166
87
81
202
36
84
134
241
130
237
59
155
20
5
52
69
122
48
53
49
49
205
255
243
236
156
39
96
62
156
204
117
78
247
98
111
182
254
54
209
225
250
91
161
194
53
252
9
187
6
29
149
5
19
217
228
112
204
202
29
247
137
129
84
246
124
1
117
163
91
58
147
41
217
249
69
92
182
189
125
98
4
138
86
116
188
5
182
160
246
6
168
145
141
45
87
232
215
160
76
166
9
130
44
242
36
176
195
142
119
16
231
147
131
72
139
152
28
171
21
9
115
29
230
243
251
81
7
117
236
94
189
220
199
153
145
8
135
113
44
179
17
74
29
54
