19
142
155
143
131
251
109
120
7
117
106
112
20
182
113
167
251
98
102
19
97
20
26
4
193
21
227
149
235
202
106
13
255
17
244
226
205
77
147
210
59
61
114
119
211
201
247
154
236
198
236
64
138
178
55
4
255
26
246
102
88
86
179
48
223
190
127
29
162
179
116
198
14
154
22
222
199
43
246
120
157
78
108
215
33
188
234
2
141
137
53
197
187
186
120
197
35
39
45
121
239
122
73
206
58
34
48
196
107
186
28
49
117
92
83
13
190
62
242
190
177
243
34
248
254
139
36
130
209
141
47
174
238
65
72
72
191
179
195
23
137
239
137
82
88
222
98
163
90
68
122
254
156
77
227
98
164
25
78
42
220
201
111
225
94
124
75
62
235
103
103
146
237
237
198
65
2
245
139
62
235
145
102
240
147
119
232
7
28
66
223
7
89
48
66
39
244
94
111
197
245
147
36
235
107
89
78
18
240
187
58
39
129
49
88
169
58
249
253
187
31
150
66
171
245
82
35
3
247
244
246
118
192
19
45
190
33
200
47
33
70
144
7
21
248
16
227
200
194
32
42
153
80
81
216
125
9
157
158
248
126
16
18
251
67
212
175
216
38
88
136
223
8
183
90
46
178
171
93
219
90
142
91
162
23
48
167
81
81
156
105
92
74
110
228
198
253
111
165
131
138
46
145
56
207
141
84
248
80
31
211
231
32
226
153
19
220
169
117
89
92
130
6
225
200
159
150
173
200
64
61
40
112
175
12
103
240
251
97
61
121
235
88
207
6
215
204
42
117
110
12
70
34
28
196
189
167
56
115
197
83
80
2
136
64
200
51
97
254
13
91
67
130
62
144
94
174
66
171
45
168
186
4
134
214
20
161
164
63
100
39
216
50
64
47
129
42
216
23
132
252
164
228
202
141
241
167
210
173
185
132
94
116
151
191
38
57
57
134
62
75
57
185
175
245
17
19
108
250
194
242
168
243
198
237
119
250
154
25
180
111
170
62
150
80
60
101
19
247
84
138
217
7
167
80
117
130
240
41
223
14
57
235
58
229
46
178
175
153
182
192
197
101
195
203
5
247
242
175
185
221
144
3
136
52
195
143
169
122
75
139
167
195
87
141
165
251
145
223
112
210
49
191
182
16
97
196
13
17
196
6
205
181
9
225
198
226
88
15
73
51
164
138
198
118
34
120
53
43
213
82
134
95
58
35
168
247
219
116
135
142
37
171
57
220
65
75
1
133
144
139
138
142
145
56
215
47
211
191
251
253
51
229
218
9
26
190
199
195
105
105
27
249
212
43
159
46
99
232
24
172
213
130
115
172
162
54
112
182
118
206
55
147
183
95
93
207
168
72
44
66
67
150
142
101
176
58
177
139
184
116
143
112
12
70
136
50
21
135
47
230
166
127
178
213
84
121
233
143
244
151
195
91
60
38
177
81
3
159
123
90
208
211
246
188
130
97
133
62
27
208
9
85
167
226
126
119
221
246
200
37
159
54
44
192
13
7
199
230
184
154
223
246
160
189
90
71
108
46
201
116
160
57
49
234
181
43
41
70
229
213
100
96
251
150
159
138
57
67
102
117
199
175
218
96
120
237
125
98
221
108
247
244
88
106
76
67
5
64
192
84
41
76
132
135
78
48
143
182
70
170
163
106
198
221
100
254
216
212
14
128
133
211
233
137
161
153
181
181
77
192
101
233
54
47
239
201
100
64
58
76
186
198
181
88
63
82
71
31
72
15
41
224
136
56
164
0
148
35
193
21
96
42
225
239
205
88
120
149
85
6
74
225
108
93
4
78
102
117
156
135
29
97
211
173
17
125
162
14
105
41
220
113
33
124
57
121
28
149
80
3
218
56
173
128
121
68
207
22
12
19
152
250
45
63
227
227
196
206
197
118
133
44
75
244
52
199
218
21
5
212
88
17
228
68
34
154
190
188
232
253
195
17
128
217
5
251
18
5
114
127
82
20
12
191
168
253
116
194
73
180
94
8
80
253
29
40
6
165
100
135
219
237
200
139
16
153
121
231
36
221
210
228
251
123
193
149
27
163
190
82
8
23
4
144
163
132
174
128
159
162
230
34
44
79
54
200
205
62
237
237
38
83
228
135
49
122
43
75
110
155
39
111
45
157
3
209
8
109
217
174
44
125
176
99
94
235
135
81
86
186
179
67
204
165
187
160
85
128
53
183
126
9
105
64
158
236
226
50
129
48
27
83
211
250
132
33
232
211
134
140
123
137
18
138
18
45
137
24
102
153
161
45
251
163
27
8
41
27
170
84
215
19
254
223
148
48
129
164
252
45
