219
101
71
175
2
222
110
168
228
191
220
205
153
139
192
141
96
52
231
68
78
142
150
175
154
6
118
108
214
145
37
113
153
137
73
119
14
32
201
140
14
7
29
105
235
60
177
181
84
211
76
54
17
172
95
93
253
181
195
92
195
188
144
114
198
74
142
230
146
2
254
181
115
230
242
113
28
208
233
247
143
190
36
110
161
155
1
77
144
119
75
149
173
56
170
38
238
159
94
12
19
39
196
218
254
36
86
161
206
222
205
64
200
64
194
130
242
205
192
162
78
117
58
26
197
102
31
111
188
177
29
254
79
247
232
148
133
166
75
37
243
197
164
44
9
197
229
223
26
99
218
75
246
81
83
174
130
100
159
130
77
228
43
96
17
125
244
14
105
140
123
138
71
229
32
23
255
216
186
86
174
197
203
88
180
198
137
229
67
240
191
225
24
157
134
247
60
201
69
160
102
132
107
52
171
248
127
80
233
159
41
76
221
112
41
74
37
51
86
97
141
34
101
254
67
149
175
151
2
67
103
46
5
25
70
221
116
79
122
61
202
63
128
198
24
182
60
137
181
201
74
75
78
26
142
104
74
147
207
214
81
1
84
158
253
234
203
56
34
169
39
177
234
219
86
207
253
185
47
214
75
169
83
157
209
67
209
26
108
50
85
48
229
186
163
19
14
90
134
205
155
77
224
24
198
67
239
106
184
201
184
199
50
1
213
220
203
255
229
50
55
190
114
236
19
101
11
27
101
177
149
116
81
229
0
244
147
229
210
81
125
178
82
148
240
127
64
199
40
124
24
188
52
241
216
201
73
207
152
29
254
148
21
6
67
4
93
19
47
17
116
139
90
140
60
130
89
46
105
235
87
251
212
120
32
70
28
167
5
62
123
76
226
205
255
236
200
193
228
228
247
48
120
102
246
127
220
38
136
204
6
11
116
142
15
44
30
172
72
100
78
128
182
141
103
33
221
131
222
209
163
19
17
188
125
202
199
203
168
251
134
104
91
235
168
24
246
58
122
12
214
12
150
40
76
239
63
118
42
254
115
203
43
175
136
209
218
73
87
105
69
41
2
91
181
74
74
186
72
191
189
24
52
149
115
67
175
54
164
104
133
149
102
132
147
173
14
23
234
174
83
65
196
62
174
56
255
109
133
33
159
197
133
101
118
177
165
26
200
23
155
219
223
132
218
197
220
121
112
114
124
66
146
41
134
251
223
164
62
143
40
114
235
198
141
238
247
214
250
140
11
253
244
0
75
58
75
49
81
228
57
17
157
153
215
207
232
8
221
88
76
226
138
141
205
216
108
99
233
144
254
254
134
253
107
124
154
113
35
86
33
242
127
225
122
215
81
27
208
252
180
197
253
11
253
27
113
130
19
116
203
221
127
33
95
222
12
247
101
126
153
73
35
246
188
32
217
139
149
120
118
65
57
35
10
218
53
121
6
175
149
134
124
169
84
78
234
175
126
225
68
126
206
101
121
203
116
164
191
249
144
120
52
165
239
22
100
193
195
42
213
205
3
180
178
93
149
253
198
0
227
141
123
218
141
167
254
249
135
204
40
105
244
159
125
97
30
212
181
37
163
48
42
206
10
33
45
175
109
254
149
183
221
29
239
23
192
47
105
52
60
148
155
166
247
70
54
125
249
162
19
32
77
40
158
250
20
94
222
44
117
103
67
171
215
165
103
151
232
237
47
242
243
58
245
135
235
228
150
106
203
174
246
243
254
202
65
99
118
184
188
5
171
205
248
75
236
189
46
163
118
3
244
105
246
53
41
146
48
196
22
1
182
75
16
244
51
115
135
230
71
52
69
186
233
94
92
133
145
210
245
87
218
224
123
125
137
176
121
94
81
131
183
192
247
44
186
43
39
250
128
69
32
87
34
229
171
118
208
239
227
245
199
160
70
79
90
115
252
207
222
121
230
147
30
85
63
68
240
130
195
185
62
149
19
247
167
144
121
244
20
223
193
126
0
36
156
187
66
223
174
72
220
60
158
36
115
172
110
186
142
210
76
127
70
128
251
42
106
233
238
231
88
76
7
50
223
238
33
92
32
40
233
63
18
4
167
124
255
22
207
110
130
90
123
190
218
136
175
201
255
138
74
6
217
168
126
146
26
149
56
82
222
202
76
123
123
244
238
162
125
217
141
229
183
157
172
208
114
44
43
173
64
32
189
53
17
51
197
232
37
195
150
50
249
39
252
222
40
137
97
216
98
174
51
255
199
144
245
133
222
71
164
151
79
192
235
152
205
128
247
115
137
59
182
241
59
133
33
212
2
181
68
204
104
42
66
75
162
97
9
